	TBC1	TBC12	TBC13	TBC14	TBC15	TBC16	TBC17	TBC19	TBC2	TBC20	TBC21	TBC22	TBC23	TBC24	TBC25	TBC26	TBC27	TBC28	TBC29	TBC3	TBC30	TBC31	TBC32	TBC33	TBC34	TBC35	TBC36	TBC37	TBC38	TBC4	TBC5	TBC6	TBC8
TBC1	0	0.9182933107380683	0.6823448369178956	0.8327037085364958	0.7825087073826031	0.8495296566793609	0.6763406541925853	0.7927645890042048	0.902996508610144	0.750815880087059	0.7444333554147348	0.6901701685854116	0.9035359414208147	0.7587861964131275	0.7704724205930887	0.8398638021138575	0.737249220286733	0.8465127409090687	0.6774489301342864	0.8836942026848242	0.7186146863265021	0.8366980898019307	0.7684839407722487	0.7068408039071928	0.707907852743254	0.9025704676346114	0.8018720747720405	0.7354021390621124	0.8487373469502461	0.9178752083840513	0.8657935307982261	0.8534655686936751	0.7730129482211456
TBC12	0.9182933107380683	0	0.920290208474042	0.8741687908784792	0.9486011099859668	0.840527441060128	0.9179435241017955	0.9321339182741285	0.8464899965564805	0.9161283512816849	0.9123625140406696	0.9022700744436127	0.8562409709433456	0.9172792660418911	0.8768224941516234	0.8500695057027549	0.90750908353843	0.8159662198363475	0.9023260981201623	0.8809404423165259	0.9108714334061773	0.9416142051903245	0.9208509135348069	0.9210628512661562	0.9165221132647552	0.8703926301703554	0.9371577616398714	0.9145685468267785	0.8493701397369848	0.7992626427562479	0.8639720189754221	0.8792144039409318	0.93194079385837
TBC13	0.6823448369178956	0.920290208474042	0	0.7640452371496402	0.686225367689313	0.7694522154961183	0.5850377149258957	0.7415199075304221	0.8876354490576414	0.6603764357313195	0.6848430334304706	0.626950236341313	0.881054546940649	0.6915098664377738	0.6301336090814246	0.7881771716161855	0.7049146940804724	0.7841545150479341	0.6220086541505889	0.8630195627782544	0.7137950983085484	0.8078504989302813	0.7055615788379564	0.6643529480149193	0.6710779211939215	0.8936359152815513	0.7721846120065912	0.5989771085027552	0.8207016508159859	0.8985325397822186	0.8561428817226394	0.850455928064656	0.6449840798809667
TBC14	0.8327037085364958	0.8741687908784792	0.7640452371496402	0	0.8143056700354369	0.7668268724742212	0.7524175687012477	0.7968050234027187	0.7283750797441575	0.7514068677696791	0.7755684838800896	0.7388772175065876	0.8603769649801076	0.8006982495477647	0.7328593943074998	0.4984023163528054	0.7814649157704442	0.7764591275399513	0.748892186450094	0.8681348455756528	0.7722896203114853	0.8774967902371408	0.7678618641581439	0.8004160039766132	0.7896647067640543	0.8659951963723149	0.8401778880952068	0.8055563847480628	0.541533016482441	0.8634434236935281	0.8576197450088053	0.851089551813381	0.7402688853236686
TBC15	0.7825087073826031	0.9486011099859668	0.686225367689313	0.8143056700354369	0	0.7869898898319051	0.6646279062391964	0.682535894355156	0.9330838286164582	0.6387624899022151	0.6502821201035147	0.6974289773447334	0.9018280715737695	0.6859684003621341	0.7989504089133449	0.8479899655664824	0.6443733181782053	0.8347457568348553	0.7121147198426151	0.8640508390562401	0.7103304839550451	0.7601619672280162	0.6498352333869541	0.6337364895335736	0.7228618284819534	0.9057083942979062	0.7125705240102529	0.7415400888159208	0.86846094714677	0.9303984813170275	0.9121362321408718	0.8678555988404739	0.5355350147042102
TBC16	0.8495296566793609	0.840527441060128	0.7694522154961183	0.7668268724742212	0.7869898898319051	0	0.7828776738509889	0.7790432110583156	0.8766572038447791	0.7100957441734802	0.7324847551368665	0.7621739716161325	0.8706818615116311	0.78463989081209	0.7544239410153589	0.756483099931988	0.7531696505266139	0.5035039594932613	0.7484732339815053	0.8721859073183962	0.7718878276617926	0.8587274026656569	0.7539303675370447	0.7637233757539212	0.7956962454546027	0.8942269256196375	0.8271523061086801	0.8268394917739466	0.7903077291798505	0.7627035887543676	0.8732829954911587	0.8481354394885089	0.7289512230827737
TBC17	0.6763406541925853	0.9179435241017955	0.5850377149258957	0.7524175687012477	0.6646279062391964	0.7828776738509889	0	0.751537336723946	0.8881953119549487	0.6608346902811485	0.6770075208518717	0.5999547254255309	0.8802631938681175	0.6872871077085424	0.7024968320241785	0.7972253102701505	0.6935541918934566	0.8094216791532935	0.5123315361626173	0.846057496029525	0.7063933336191381	0.7860678076121268	0.702639702237873	0.6705734562176612	0.6449507928717405	0.8830705425172451	0.7516927322400893	0.671484958395529	0.8148886880529386	0.9035451706847177	0.8254805978036124	0.847810289784244	0.6502151331829563
TBC19	0.7927645890042048	0.9321339182741285	0.7415199075304221	0.7968050234027187	0.682535894355156	0.7790432110583156	0.751537336723946	0	0.8878840586791062	0.6285210352639538	0.6677795885365624	0.6859473441291376	0.8839610275213166	0.6806445292195757	0.7678076090607188	0.8151448121219809	0.6593304752016766	0.8164775817852937	0.713402444615025	0.8281646976527942	0.7059096711513829	0.6042305262391585	0.658167900584583	0.6331162298392999	0.7308833214946985	0.8865168405253284	0.7089222707302537	0.7139344567582798	0.8260889173604881	0.8906766060514472	0.8556414564740208	0.8102013772905643	0.6697819677799489
TBC2	0.902996508610144	0.8464899965564805	0.8876354490576414	0.7283750797441575	0.9330838286164582	0.8766572038447791	0.8881953119549487	0.8878840586791062	0	0.8864368018439395	0.8868052436005311	0.8604577218669863	0.6727038451423937	0.8908351912419458	0.8432512148146039	0.7240922313219885	0.8892212423778022	0.8577538121403925	0.8776156741023724	0.7699837802411951	0.8799938697534236	0.9167521460444359	0.9040072872277506	0.9055038825855725	0.8880016067007173	0.6905558754198637	0.9218522965446695	0.8932535330055155	0.7188099231188249	0.6889875482767956	0.6842491911773225	0.7605904542619647	0.9063044918889357
TBC20	0.750815880087059	0.9161283512816849	0.6603764357313195	0.7514068677696791	0.6387624899022151	0.7100957441734802	0.6608346902811485	0.6285210352639538	0.8864368018439395	0	0.4965678996241252	0.5628373451705323	0.8513724012192603	0.5572845155062646	0.6801019022059696	0.7337568109798019	0.5316993907283445	0.734245688042713	0.6169857753586122	0.8579741047646402	0.6142940786185829	0.7718180872445912	0.554537444106905	0.5424849657931131	0.6660541572982202	0.8837187061348843	0.7035632579469046	0.6768168483287292	0.8128376981975816	0.8918912956226752	0.8717449730252897	0.8237588614581474	0.5208436811432472
TBC21	0.7444333554147348	0.9123625140406696	0.6848430334304706	0.7755684838800896	0.6502821201035147	0.7324847551368665	0.6770075208518717	0.6677795885365624	0.8868052436005311	0.4965678996241252	0	0.6114506004005972	0.8473952282619457	0.5896389757292179	0.6664250550457703	0.7583826375430023	0.5854483427787913	0.7526681282374398	0.6273198446837447	0.8532357108516212	0.593337971353846	0.7869254147328757	0.6240796458501631	0.529519459212506	0.6890499412025688	0.8883890442663116	0.7483072491998204	0.6748625090425692	0.8241186059086626	0.8922026127566627	0.8700557729766435	0.8237499324207661	0.589943943050652
TBC22	0.6901701685854116	0.9022700744436127	0.626950236341313	0.7388772175065876	0.6974289773447334	0.7621739716161325	0.5999547254255309	0.6859473441291376	0.8604577218669863	0.5628373451705323	0.6114506004005972	0	0.8432762540999487	0.6474175053574212	0.6538216967450312	0.7586105091955428	0.6101460421041836	0.7570254015370472	0.5801347946092935	0.8294729771561298	0.6791229533577016	0.792833057791676	0.6785994741702104	0.6500473790930122	0.6003661492406985	0.8741876967766476	0.736335603507729	0.6579883950590005	0.8051165291713356	0.8723333934133006	0.8280850831356251	0.8018170895284317	0.6367524249635917
TBC23	0.9035359414208147	0.8562409709433456	0.881054546940649	0.8603769649801076	0.9018280715737695	0.8706818615116311	0.8802631938681175	0.8839610275213166	0.6727038451423937	0.8513724012192603	0.8473952282619457	0.8432762540999487	0	0.8513317108223308	0.8346745437153319	0.842855043898986	0.8625365649452562	0.8620164584968469	0.8575710796031466	0.7339371250543285	0.8599644165242097	0.9223680309611707	0.8806668244194248	0.873010849737006	0.8775918921814944	0.569715039483205	0.9012872752673089	0.8790610475250221	0.8470392755570572	0.6864249186686578	0.6394004356328541	0.729831760100885	0.8765513141236246
TBC24	0.7587861964131275	0.9172792660418911	0.6915098664377738	0.8006982495477647	0.6859684003621341	0.78463989081209	0.6872871077085424	0.6806445292195757	0.8908351912419458	0.5572845155062646	0.5896389757292179	0.6474175053574212	0.8513317108223308	0	0.7315873557227855	0.7916587639770688	0.6335581823554707	0.7988442047815764	0.6507598140737972	0.8554793726625731	0.6341549574702086	0.7878213856645127	0.6683032277049404	0.590016627483781	0.6914356675547553	0.8806200790377874	0.6818998117402362	0.7107459329924497	0.8352490497391396	0.8973445656997523	0.8737629781769345	0.8340736417411417	0.6401558398467742
TBC25	0.7704724205930887	0.8768224941516234	0.6301336090814246	0.7328593943074998	0.7989504089133449	0.7544239410153589	0.7024968320241785	0.7678076090607188	0.8432512148146039	0.6801019022059696	0.6664250550457703	0.6538216967450312	0.8346745437153319	0.7315873557227855	0	0.7062639114353522	0.7176383936806038	0.7538812252837458	0.6634888955955573	0.8394224705367419	0.7146727051910919	0.8551538764760503	0.7490253557060726	0.7153819350095326	0.7249861836780664	0.8727082995183285	0.8194119763243365	0.6352512582867621	0.7680658353401068	0.8613539400574453	0.832139310023021	0.8331751359975372	0.7414170816658198
TBC26	0.8398638021138575	0.8500695057027549	0.7881771716161855	0.4984023163528054	0.8479899655664824	0.756483099931988	0.7972253102701505	0.8151448121219809	0.7240922313219885	0.7337568109798019	0.7583826375430023	0.7586105091955428	0.842855043898986	0.7916587639770688	0.7062639114353522	0	0.7769030049456681	0.7177231885438612	0.7538424241148807	0.8417620107663104	0.7666809604824097	0.8944181508915989	0.7961272454672627	0.7974635105480753	0.8088686160314451	0.8674366877482137	0.8665608544436612	0.804615811720108	0.5388386436539049	0.8343729439594049	0.8510478897892955	0.848289776548469	0.8008338245514105
TBC27	0.737249220286733	0.90750908353843	0.7049146940804724	0.7814649157704442	0.6443733181782053	0.7531696505266139	0.6935541918934566	0.6593304752016766	0.8892212423778022	0.5316993907283445	0.5854483427787913	0.6101460421041836	0.8625365649452562	0.6335581823554707	0.7176383936806038	0.7769030049456681	0	0.7554783870977683	0.6600488523458222	0.8408575953954827	0.6197546609318144	0.7817434057920648	0.6314072146723919	0.5748277462913852	0.6949827282217061	0.8783453117653157	0.7311558746887066	0.7098766059503064	0.8238787720735349	0.8893319414751645	0.870813961934383	0.8265903735833739	0.6073270387724389
TBC28	0.8465127409090687	0.8159662198363475	0.7841545150479341	0.7764591275399513	0.8347457568348553	0.5035039594932613	0.8094216791532935	0.8164775817852937	0.8577538121403925	0.734245688042713	0.7526681282374398	0.7570254015370472	0.8620164584968469	0.7988442047815764	0.7538812252837458	0.7177231885438612	0.7554783870977683	0	0.781085903353537	0.8753334250187925	0.777482078700945	0.8809084342723776	0.8053522896733507	0.7925632803133639	0.8169224033612499	0.8913958049382017	0.8660736638880239	0.8218230630334525	0.7914123375305528	0.7204572103427344	0.8702103496282168	0.8655149913417549	0.7811713814308904
TBC29	0.6774489301342864	0.9023260981201623	0.6220086541505889	0.748892186450094	0.7121147198426151	0.7484732339815053	0.5123315361626173	0.713402444615025	0.8776156741023724	0.6169857753586122	0.6273198446837447	0.5801347946092935	0.8575710796031466	0.6507598140737972	0.6634888955955573	0.7538424241148807	0.6600488523458222	0.781085903353537	0	0.8446229571597522	0.6555705885574848	0.8172252071047819	0.6839361756873648	0.5789609370514615	0.6625328402279433	0.8869684477553381	0.7444408729937969	0.6869128347915945	0.7863674874343313	0.8839807907623831	0.8097895477633623	0.8423699312619062	0.692140927596974
TBC3	0.8836942026848242	0.8809404423165259	0.8630195627782544	0.8681348455756528	0.8640508390562401	0.8721859073183962	0.846057496029525	0.8281646976527942	0.7699837802411951	0.8579741047646402	0.8532357108516212	0.8294729771561298	0.7339371250543285	0.8554793726625731	0.8394224705367419	0.8417620107663104	0.8408575953954827	0.8753334250187925	0.8446229571597522	0	0.8376216230677314	0.8650169049068489	0.8593897945847626	0.8605689993566126	0.8577936811526399	0.7305182099476732	0.8763754187560465	0.8581282623487143	0.8319495838354111	0.7744534026053874	0.7165546702505405	0.682524030576232	0.8620757854419929
TBC30	0.7186146863265021	0.9108714334061773	0.7137950983085484	0.7722896203114853	0.7103304839550451	0.7718878276617926	0.7063933336191381	0.7059096711513829	0.8799938697534236	0.6142940786185829	0.593337971353846	0.6791229533577016	0.8599644165242097	0.6341549574702086	0.7146727051910919	0.7666809604824097	0.6197546609318144	0.777482078700945	0.6555705885574848	0.8376216230677314	0	0.8194684657872426	0.6794328252068028	0.6232919564987135	0.7307902640816099	0.8774512906327174	0.7587467663426073	0.7308439186312492	0.802182817930792	0.8874795799689054	0.8685249021731306	0.8156357890189119	0.6735766941686409
TBC31	0.8366980898019307	0.9416142051903245	0.8078504989302813	0.8774967902371408	0.7601619672280162	0.8587274026656569	0.7860678076121268	0.6042305262391585	0.9167521460444359	0.7718180872445912	0.7869254147328757	0.792833057791676	0.9223680309611707	0.7878213856645127	0.8551538764760503	0.8944181508915989	0.7817434057920648	0.8809084342723776	0.8172252071047819	0.8650169049068489	0.8194684657872426	0	0.7435308009828314	0.7216522773719565	0.7305192786382538	0.8969198155835003	0.6843965526657723	0.7591567062063143	0.8686378366729296	0.9211664026369527	0.8873505751041888	0.8469881537520074	0.7403298088554036
TBC32	0.7684839407722487	0.9208509135348069	0.7055615788379564	0.7678618641581439	0.6498352333869541	0.7539303675370447	0.702639702237873	0.658167900584583	0.9040072872277506	0.554537444106905	0.6240796458501631	0.6785994741702104	0.8806668244194248	0.6683032277049404	0.7490253557060726	0.7961272454672627	0.6314072146723919	0.8053522896733507	0.6839361756873648	0.8593897945847626	0.6794328252068028	0.7435308009828314	0	0.5825224040903793	0.6985347019961323	0.8793891598558966	0.6673886010051685	0.700590159945481	0.804009349254023	0.9084660820191333	0.8768434233477056	0.8286556598005029	0.5809659068368087
TBC33	0.7068408039071928	0.9210628512661562	0.6643529480149193	0.8004160039766132	0.6337364895335736	0.7637233757539212	0.6705734562176612	0.6331162298392999	0.9055038825855725	0.5424849657931131	0.529519459212506	0.6500473790930122	0.873010849737006	0.590016627483781	0.7153819350095326	0.7974635105480753	0.5748277462913852	0.7925632803133639	0.5789609370514615	0.8605689993566126	0.6232919564987135	0.7216522773719565	0.5825224040903793	0	0.6850580831444881	0.8872638377959304	0.6781156360830425	0.6692507897086641	0.8195887841260957	0.90835825241523	0.8820488060031535	0.8446535738148063	0.5963735080943084
TBC34	0.707907852743254	0.9165221132647552	0.6710779211939215	0.7896647067640543	0.7228618284819534	0.7956962454546027	0.6449507928717405	0.7308833214946985	0.8880016067007173	0.6660541572982202	0.6890499412025688	0.6003661492406985	0.8775918921814944	0.6914356675547553	0.7249861836780664	0.8088686160314451	0.6949827282217061	0.8169224033612499	0.6625328402279433	0.8577936811526399	0.7307902640816099	0.7305192786382538	0.6985347019961323	0.6850580831444881	0	0.8625226758449549	0.7361722719208393	0.6750239755359045	0.8220961690833291	0.9022986243121813	0.8543471548342721	0.8313195481574489	0.6458262609219795
TBC35	0.9025704676346114	0.8703926301703554	0.8936359152815513	0.8659951963723149	0.9057083942979062	0.8942269256196375	0.8830705425172451	0.8865168405253284	0.6905558754198637	0.8837187061348843	0.8883890442663116	0.8741876967766476	0.569715039483205	0.8806200790377874	0.8727082995183285	0.8674366877482137	0.8783453117653157	0.8913958049382017	0.8869684477553381	0.7305182099476732	0.8774512906327174	0.8969198155835003	0.8793891598558966	0.8872638377959304	0.8625226758449549	0	0.894922539830715	0.878014713422215	0.8492472134173107	0.7220789503607223	0.6691893927245736	0.729165498679216	0.8862245518155449
TBC36	0.8018720747720405	0.9371577616398714	0.7721846120065912	0.8401778880952068	0.7125705240102529	0.8271523061086801	0.7516927322400893	0.7089222707302537	0.9218522965446695	0.7035632579469046	0.7483072491998204	0.736335603507729	0.9012872752673089	0.6818998117402362	0.8194119763243365	0.8665608544436612	0.7311558746887066	0.8660736638880239	0.7444408729937969	0.8763754187560465	0.7587467663426073	0.6843965526657723	0.6673886010051685	0.6781156360830425	0.7361722719208393	0.894922539830715	0	0.7471237757881974	0.8493487584346429	0.9280252602576722	0.8988227546305756	0.8554481329474065	0.7045824185679247
TBC37	0.7354021390621124	0.9145685468267785	0.5989771085027552	0.8055563847480628	0.7415400888159208	0.8268394917739466	0.671484958395529	0.7139344567582798	0.8932535330055155	0.6768168483287292	0.6748625090425692	0.6579883950590005	0.8790610475250221	0.7107459329924497	0.6352512582867621	0.804615811720108	0.7098766059503064	0.8218230630334525	0.6869128347915945	0.8581282623487143	0.7308439186312492	0.7591567062063143	0.700590159945481	0.6692507897086641	0.6750239755359045	0.878014713422215	0.7471237757881974	0	0.8193054520990818	0.9087299936553194	0.861069348019216	0.8518433764106786	0.7146151665146645
TBC38	0.8487373469502461	0.8493701397369848	0.8207016508159859	0.541533016482441	0.86846094714677	0.7903077291798505	0.8148886880529386	0.8260889173604881	0.7188099231188249	0.8128376981975816	0.8241186059086626	0.8051165291713356	0.8470392755570572	0.8352490497391396	0.7680658353401068	0.5388386436539049	0.8238787720735349	0.7914123375305528	0.7863674874343313	0.8319495838354111	0.802182817930792	0.8686378366729296	0.804009349254023	0.8195887841260957	0.8220961690833291	0.8492472134173107	0.8493487584346429	0.8193054520990818	0	0.8440635590908823	0.8445928143414801	0.8364326202693306	0.8186675679873265
TBC4	0.9178752083840513	0.7992626427562479	0.8985325397822186	0.8634434236935281	0.9303984813170275	0.7627035887543676	0.9035451706847177	0.8906766060514472	0.6889875482767956	0.8918912956226752	0.8922026127566627	0.8723333934133006	0.6864249186686578	0.8973445656997523	0.8613539400574453	0.8343729439594049	0.8893319414751645	0.7204572103427344	0.8839807907623831	0.7744534026053874	0.8874795799689054	0.9211664026369527	0.9084660820191333	0.90835825241523	0.9022986243121813	0.7220789503607223	0.9280252602576722	0.9087299936553194	0.8440635590908823	0	0.6955196400675907	0.7523050139989808	0.9104341152985564
TBC5	0.8657935307982261	0.8639720189754221	0.8561428817226394	0.8576197450088053	0.9121362321408718	0.8732829954911587	0.8254805978036124	0.8556414564740208	0.6842491911773225	0.8717449730252897	0.8700557729766435	0.8280850831356251	0.6394004356328541	0.8737629781769345	0.832139310023021	0.8510478897892955	0.870813961934383	0.8702103496282168	0.8097895477633623	0.7165546702505405	0.8685249021731306	0.8873505751041888	0.8768434233477056	0.8820488060031535	0.8543471548342721	0.6691893927245736	0.8988227546305756	0.861069348019216	0.8445928143414801	0.6955196400675907	0	0.689715881481733	0.8802637990575057
TBC6	0.8534655686936751	0.8792144039409318	0.850455928064656	0.851089551813381	0.8678555988404739	0.8481354394885089	0.847810289784244	0.8102013772905643	0.7605904542619647	0.8237588614581474	0.8237499324207661	0.8018170895284317	0.729831760100885	0.8340736417411417	0.8331751359975372	0.848289776548469	0.8265903735833739	0.8655149913417549	0.8423699312619062	0.682524030576232	0.8156357890189119	0.8469881537520074	0.8286556598005029	0.8446535738148063	0.8313195481574489	0.729165498679216	0.8554481329474065	0.8518433764106786	0.8364326202693306	0.7523050139989808	0.689715881481733	0	0.8237773296894678
TBC8	0.7730129482211456	0.93194079385837	0.6449840798809667	0.7402688853236686	0.5355350147042102	0.7289512230827737	0.6502151331829563	0.6697819677799489	0.9063044918889357	0.5208436811432472	0.589943943050652	0.6367524249635917	0.8765513141236246	0.6401558398467742	0.7414170816658198	0.8008338245514105	0.6073270387724389	0.7811713814308904	0.692140927596974	0.8620757854419929	0.6735766941686409	0.7403298088554036	0.5809659068368087	0.5963735080943084	0.6458262609219795	0.8862245518155449	0.7045824185679247	0.7146151665146645	0.8186675679873265	0.9104341152985564	0.8802637990575057	0.8237773296894678	0
